2037 224
2017 2178
274 1979
3193 768
3766 4403
3862 4971
348 264
1660 2710
3214 1635
2722 3803
839 474
3413 464
2634 1834
375 622
2212 1770
699 251
2719 4380
1802 351
2494 796
1801 4345
3517 3263
2294 2569
1416 1593
68 1000
228 718
1477 48
1100 3438
4722 354
4464 4331
3991 133
4038 391
3354 2711
825 1429
25 640
1807 596
1389 4107
2387 2872
4720 1323
3650 2893
3790 576
4899 4798
3204 4308
1107 2182
1774 2456
1782 531
4158 4252
2980 4841
4247 3918
660 4068
2562 3784
498 2466
3576 4070
453 127
4944 2234
2659 1411
3353 4021
3121 2261
1472 1910
3047 216
891 4759
3393 1034
1358 3595
4556 2518
358 1748
4294 4201
1357 4261
3293 4376
237 4522
4471 4678
508 3564
1656 3503
2044 2796
1686 1955
2978 2219
3752 1925
4623 2974
1058 2096
2907 15
3624 3848
4495 2680
3132 642
96 472
599 3163
4323 4629
3215 19
3636 1336
3341 3844
2445 4542
878 2717
1114 3550
2557 2135
3935 4741
709 3457
3026 2362
1416 3387
2684 1739
513 2139
610 3562
4841 761
3787 2406
